9
],
[
17,
9
],
[
17,
8
],
[
17,
7
],
[
17,
6
]
],
"dir":"U",
"order":23
},
{
"id":9,
"points":[
[
7,
6
],
[
4,
6
],
[
4,
8
],
[
1,
8
]
],
"cells":[
[
7,
6
],
[
6,
6
],
[
5,
6
],
[
4,
6
],
[
4,
7
],
[
4,
8
],
[
3,
8
],
[
2,
8
],
[
1,
8
]
],
"dir":"L",
"order":17
},
{
"id":10,
"points":[
[
11,
3
],
[
13,
3
],
[
13,
5
]
],
"cells":[
[
11,
3
],
[
12,
3
],
[
13,
3
],
[
13,
4
],
[
13,
5
]
],
"dir":"D",
"order":12
},
{
"id":11,
"points":[
[
13,
10
],
[
18,
10
],
[
18,
5
]
],
"cells":[
[
13,
10
],
[
14,
10
],
[
15,
10
],
[
16,
10
],
[
17,
10
],
[
18,
10
],
[
18,
9
],
[
18,
8
],
[
18,
7
],
[
18,
6
],
[
18,
5
]
],
"dir":"U",
"order":5
},
{
"id":12,
"points":[
[
17,
3
],
[
17,
1
],
[
15,
1
]
],
"cells":[
[
17,
3
],
[
17,
2
],
[
17,
1
],
[
16,
1
],
[
15,
1
]
],
"dir":"L",
"order":22
},
{
"id":13,
"points":[
[
8,
1
],
[
6,
1
],
[
6,
3
]
],
"cells":[
[
8,
1
],
[
7,
1
],
[
6,
1
],
[
6,
2
],
[
6,
3
]
],
"dir":"D",
"order":21
},
{
"id":14,
"points":[
[
17,
17
],
[
17,
19
],
[
15,
19
]
],
"cells":[
[
17,
17
],
[
17,
18
],
[
17,
19
],
[
16,
19
],
[
15,
19
]
],
"dir":"L",
"order":6
},
{
"id":15,
"points":[
[
17,
13
],
[
19,
13
],
[
19,
17
]
],
"cells":[
[
17,
13
],
[
18,
13
],
[
19,
13
],
[
19,
14
],
[
19,
15
],
[
19,
16
],
[
19,
17
]
],
"dir":"D",
"order":8
},
{
"id":16,
"points":[
[
4,
14
],
[
4,
16
],
[
7,
16
],
[
7,
18
]
],
"cells":[
[
4,
14
],
[
4,
15
],
[
4,
16
],
[
5,
16
],
[
6,
16
],
[
7,
16
],
[
7,
17
],
[
7,
18
]
],
"dir":"D",
"order":10
},
{
"id":17,
"points":[
[
10,
14
],
[
10,
17
],
[
15,
17
]
],
"cells":[
[
10,
14
],
[
10,
15
],
[
10,
16
],
[
10,
17
],
[
11,
17
],
[
12,
17
],
[
13,
17
],
[
14,
17
],
[
15,
17
]
],
"dir":"R",
"order":11
},
{
"id":18,
"points":[
[
15,
7
],
[
15,
5
],
[
17,
5
]
],
"cells":[
[
15,
7
],
[
15,
6
],
[
15,
5
],
[
16,
5
],
[
17,
5
]
],
"dir":"R",
"order":13
},
{
"id":19,
"points":[
[
4,
3
],
[
0,
3
],
[
0,
0
],
[
4,
0
]
],
"cells":[
[
4,
3
],
[
3,
3
],
[
2,
3
],
[
1,
3
],
[
0,
3
],
[
0,
2
],
[
0,
1
],
[
0,
0
],
[
1,
0
],
[
2,
0
],
[
3,
0
],
[
4,
0
]
],
"dir":"R",
"order":14
},
{
"id":20,
"points":[
[
4,
10
],
[
4,
13
],
[
1,
13
]
],
"cells":[
[
4,
10
],
[
4,
11
],
[
4,
12
],
[
4,
13
],
[
3,
13
],
[
2,
13
],
[
1,
13
]
],
"dir":"L",
"order":15
},
{
"id":21,
"points":[
[
2,
6
],
[
0,
6
],
[
0,
9
]
],
"cells":[
[
2,
6
],
[
1,
6
],
[
0,
6
],
[
0,
7
],
[
0,
8
],
[
0,
9
]
],
"dir":"D",
"order":16
},
{
"id":22,
"points":[
[
9,
17
],
[
9,
13
],
[
12,
13
],
[
12,
15
]
],
"cells":[
[
9,
17
],
[
9,
16
],
[
9,
15
],
[
9,
14
],
[
9,
13
],
[
10,
13
],
[
11,
13
],
[
12,
13
],
[
12,
14
],
[
12,
15
]
],
"dir":"D",
"order":19
},
{
"id":23,
"points":[
[
8,
2
],
[
8,
4
],
[
6,
4
]
],
"cells":[
[
8,
2
],
[
8,
3
],
[
8,
4
],
[
7,
4
],
[
6,
4
]
],
"dir":"L",
"order":20
}
],
"solution":[
2,
0,
3,
5,
7,
11,
14,
1,
15,
6,
16,
17,
10,
18,
19,
20,
21,
9,
4,
22,
23,
13,
12,
8
],
"initial":[
2,
3,
7,
15,
16
]
},
{
"key":"tiger",
"name":"白虎",
"asset":"tiger",
"layout":{
"x":488,
"y":310,
"w":408,
"h":458
},
"gridW":20,
"gridH":20,
"pieces":[
{
"id":0,
"points":[
[
3,
13
],
[
8,
13
],
[
8,
17
],
[
12,
17
],
[
12,
19
],
[
7,
19
]
],
"cells":[
[
3,
13
],
[
4,
13
],
[
5,
13
],
[
6,
13
],
[
7,
13
],
[
8,
13
],
[
8,
14
],
[
8,
15
],
[
8,
16
],
[
8,
17
],
[
9,
17
],
[
10,
17
],
[
11,
17
],
[
12,
17
],
[
12,
18
],
[
12,
19
],
[
11,
19
],
[
10,
19
],
[
9,
19
],
[
8,
19
],
[
7,
19
]
],
"dir":"L",
"order":5
},
{
"id":1,
"points":[
[
3,
11
],
[
1,
11
],
[
1,
14
],
[
4,
14
],
[
4,
17
]
],
"cells":[
[
3,
11
],
[
2,
11
],
[
1,
11
],
[
1,
12
],
[
1,
13
],
[
1,
14
],
[
2,
14
],
[
3,
14
],
[
4,
14
],
[
4,
15
],
[
4,
16
],
[
4,
17
]
],
"dir":"D",
"order":13
},
{
"id":2,
"points":[
[
16,
5
],
[
14,
5
],
[
14,
3
]
],
"cells":[
[
16,
5
],
[
15,
5
],
[
14,
5
],
[
14,
4
],
[
14,
3
]
],
"dir":"U",
"order":19
},
{
"id":3,
"points":[
[
16,
8
],
[
16,
12
],
[
18,
12
],
[
18,
17
]
],
"cells":[
[
16,
8
],
[
16,
9
],
[
16,
10
],
[
16,
11
],
[
16,
12
],
[
17,
12
],
[
18,
12
],
[
18,
13
],
[
18,
14
],
[
18,
15
],
[
18,
16
],
[
18,
17
]
],
"dir":"D",
"order":7
},
{
"id":4,