
"points":[
[
14,
11
],
[
14,
15
],
[
17,
15
]
],
"cells":[
[
14,
11
],
[
14,
12
],
[
14,
13
],
[
14,
14
],
[
14,
15
],
[
15,
15
],
[
16,
15
],
[
17,
15
]
],
"dir":"R",
"order":8
},
{
"id":5,
"points":[
[
11,
6
],
[
11,
2
],
[
6,
2
],
[
6,
7
]
],
"cells":[
[
11,
6
],
[
11,
5
],
[
11,
4
],
[
11,
3
],
[
11,
2
],
[
10,
2
],
[
9,
2
],
[
8,
2
],
[
7,
2
],
[
6,
2
],
[
6,
3
],
[
6,
4
],
[
6,
5
],
[
6,
6
],
[
6,
7
]
],
"dir":"D",
"order":14
},
{
"id":6,
"points":[
[
6,
10
],
[
2,
10
],
[
2,
7
]
],
"cells":[
[
6,
10
],
[
5,
10
],
[
4,
10
],
[
3,
10
],
[
2,
10
],
[
2,
9
],
[
2,
8
],
[
2,
7
]
],
"dir":"U",
"order":3
},
{
"id":7,
"points":[
[
13,
13
],
[
13,
17
],
[
17,
17
]
],
"cells":[
[
13,
13
],
[
13,
14
],
[
13,
15
],
[
13,
16
],
[
13,
17
],
[
14,
17
],
[
15,
17
],
[
16,
17
],
[
17,
17
]
],
"dir":"R",
"order":9
},
{
"id":8,
"points":[
[
16,
7
],
[
19,
7
],
[
19,
9
]
],
"cells":[
[
16,
7
],
[
17,
7
],
[
18,
7
],
[
19,
7
],
[
19,
8
],
[
19,
9
]
],
"dir":"D",
"order":23
},
{
"id":9,
"points":[
[
10,
6
],
[
10,
4
],
[
8,
4
]
],
"cells":[
[
10,
6
],
[
10,
5
],
[
10,
4
],
[
9,
4
],
[
8,
4
]
],
"dir":"L",
"order":15
},
{
"id":10,
"points":[
[
3,
4
],
[
3,
0
],
[
1,
0
]
],
"cells":[
[
3,
4
],
[
3,
3
],
[
3,
2
],
[
3,
1
],
[
3,
0
],
[
2,
0
],
[
1,
0
]
],
"dir":"L",
"order":0
},
{
"id":11,
"points":[
[
13,
9
],
[
15,
9
],
[
15,
12
]
],
"cells":[
[
13,
9
],
[
14,
9
],
[
15,
9
],
[
15,
10
],
[
15,
11
],
[
15,
12
]
],
"dir":"D",
"order":10
},
{
"id":12,
"points":[
[
15,
6
],
[
19,
6
],
[
19,
4
],
[
15,
4
],
[
15,
2
]
],
"cells":[
[
15,
6
],
[
16,
6
],
[
17,
6
],
[
18,
6
],
[
19,
6
],
[
19,
5
],
[
19,
4
],
[
18,
4
],
[
17,
4
],
[
16,
4
],
[
15,
4
],
[
15,
3
],
[
15,
2
]
],
"dir":"U",
"order":20
},
{
"id":13,
"points":[
[
7,
16
],
[
7,
18
],
[
9,
18
]
],
"cells":[
[
7,
16
],
[
7,
17
],
[
7,
18
],
[
8,
18
],
[
9,
18
]
],
"dir":"R",
"order":11
},
{
"id":14,
"points":[
[
19,
15
],
[
19,
19
],
[
14,
19
]
],
"cells":[
[
19,
15
],
[
19,
16
],
[
19,
17
],
[
19,
18
],
[
19,
19
],
[
18,
19
],
[
17,
19
],
[
16,
19
],
[
15,
19
],
[
14,
19
]
],
"dir":"L",
"order":6
},
{
"id":15,
"points":[
[
2,
17
],
[
2,
19
],
[
0,
19
],
[
0,
14
]
],
"cells":[
[
2,
17
],
[
2,
18
],
[
2,
19
],
[
1,
19
],
[
0,
19
],
[
0,
18
],
[
0,
17
],
[
0,
16
],
[
0,
15
],
[
0,
14
]
],
"dir":"U",
"order":4
},
{
"id":16,
"points":[
[
17,
3
],
[
17,
1
],
[
12,
1
]
],
"cells":[
[
17,
3
],
[
17,
2
],
[
17,
1
],
[
16,
1
],
[
15,
1
],
[
14,
1
],
[
13,
1
],
[
12,
1
]
],
"dir":"L",
"order":18
},
{
"id":17,
"points":[
[
5,
4
],
[
5,
6
],
[
3,
6
]
],
"cells":[
[
5,
4
],
[
5,
5
],
[
5,
6
],
[
4,
6
],
[
3,
6
]
],
"dir":"L",
"order":1
},
{
"id":18,
"points":[
[
3,
15
],
[
3,
18
],
[
6,
18
]
],
"cells":[
[
3,
15
],
[
3,
16
],
[
3,
17
],
[
3,
18
],
[
4,
18
],
[
5,
18
],
[
6,
18
]
],
"dir":"R",
"order":12
},
{
"id":19,
"points":[
[
0,
5
],
[
2,
5
],
[
2,
2
]
],
"cells":[
[
0,
5
],
[
1,
5
],
[
2,
5
],
[
2,
4
],
[
2,
3
],
[
2,
2
]
],
"dir":"U",
"order":2
},
{
"id":20,
"points":[
[
12,
4
],
[
12,
6
],
[
14,
6
]
],
"cells":[
[
12,
4
],
[
12,
5
],
[
12,
6
],
[
13,
6
],
[
14,
6
]
],
"dir":"R",
"order":21
},
{
"id":21,
"points":[
[
11,
13
],
[
9,
13
],
[
9,
16
]
],
"cells":[
[
11,
13
],
[
10,
13
],
[
9,
13
],
[
9,
14
],
[
9,
15
],
[
9,
16
]
],
"dir":"D",
"order":16
},
{
"id":22,
"points":[
[
9,
0
],
[
5,
0
],
[
5,
3
]
],
"cells":[
[
9,
0
],
[
8,
0
],
[
7,
0
],
[
6,
0
],
[
5,
0
],
[
5,
1
],
[
5,
2
],
[
5,
3
]
],
"dir":"D",
"order":17
},
{
"id":23,
"points":[
[
17,
10
],
[
19,
10
],
[
19,
14
]
],
"cells":[
[
17,
10
],
[
18,
10
],
[
19,
10
],
[
19,
11
],
[
19,
12
],
[
19,
13
],
[
19,
14
]
],
"dir":"D",
"order":22
}
],
"solution":[
10,
17,
19,
6,
15,
0,
14,
3,
4,
7,
11,
13,
18,
1,
5,
9,
21,
22,
16,
2,
12,
20,
23,
8
],
"initial":[
10,
17
]
},
{
"key":"phoenix",
"name":"朱雀",
"asset":"phoenix",
"layout":{
"x":45,
"y":825,
"w":408,
"h":458
},
"gridW":20,
"gridH":20,
"pieces":[
{
"id":0,
"points":[
[
4,
10
],
[
4,
12
],
[
1,
12
],
[
1,
14
],
[
5,
14
],
[
5,
19
]
],
"cells":[
[
4,
10
],
[
4,
11
],
[
4,
12
],
[
3,
12
],
[
2,