
12
],
[
1,
12
],
[
1,
13
],
[
1,
14
],
[
2,
14
],
[
3,
14
],
[
4,
14
],
[
5,
14
],
[
5,
15
],
[
5,
16
],
[
5,
17
],
[
5,
18
],
[
5,
19
]
],
"dir":"D",
"order":0
},
{
"id":1,
"points":[
[
6,
5
],
[
2,
5
],
[
2,
2
]
],
"cells":[
[
6,
5
],
[
5,
5
],
[
4,
5
],
[
3,
5
],
[
2,
5
],
[
2,
4
],
[
2,
3
],
[
2,
2
]
],
"dir":"U",
"order":17
},
{
"id":2,
"points":[
[
19,
17
],
[
19,
19
],
[
17,
19
]
],
"cells":[
[
19,
17
],
[
19,
18
],
[
19,
19
],
[
18,
19
],
[
17,
19
]
],
"dir":"L",
"order":9
},
{
"id":3,
"points":[
[
13,
3
],
[
13,
6
],
[
16,
6
]
],
"cells":[
[
13,
3
],
[
13,
4
],
[
13,
5
],
[
13,
6
],
[
14,
6
],
[
15,
6
],
[
16,
6
]
],
"dir":"R",
"order":4
},
{
"id":4,
"points":[
[
11,
2
],
[
11,
6
],
[
9,
6
],
[
9,
1
],
[
4,
1
],
[
4,
3
]
],
"cells":[
[
11,
2
],
[
11,
3
],
[
11,
4
],
[
11,
5
],
[
11,
6
],
[
10,
6
],
[
9,
6
],
[
9,
5
],
[
9,
4
],
[
9,
3
],
[
9,
2
],
[
9,
1
],
[
8,
1
],
[
7,
1
],
[
6,
1
],
[
5,
1
],
[
4,
1
],
[
4,
2
],
[
4,
3
]
],
"dir":"D",
"order":18
},
{
"id":5,
"points":[
[
4,
9
],
[
0,
9
],
[
0,
11
]
],
"cells":[
[
4,
9
],
[
3,
9
],
[
2,
9
],
[
1,
9
],
[
0,
9
],
[
0,
10
],
[
0,
11
]
],
"dir":"D",
"order":7
},
{
"id":6,
"points":[
[
13,
15
],
[
11,
15
],
[
11,
19
],
[
6,
19
]
],
"cells":[
[
13,
15
],
[
12,
15
],
[
11,
15
],
[
11,
16
],
[
11,
17
],
[
11,
18
],
[
11,
19
],
[
10,
19
],
[
9,
19
],
[
8,
19
],
[
7,
19
],
[
6,
19
]
],
"dir":"L",
"order":8
},
{
"id":7,
"points":[
[
10,
5
],
[
10,
0
],
[
14,
0
],
[
14,
2
]
],
"cells":[
[
10,
5
],
[
10,
4
],
[
10,
3
],
[
10,
2
],
[
10,
1
],
[
10,
0
],
[
11,
0
],
[
12,
0
],
[
13,
0
],
[
14,
0
],
[
14,
1
],
[
14,
2
]
],
"dir":"D",
"order":22
},
{
"id":8,
"points":[
[
13,
8
],
[
13,
12
],
[
16,
12
]
],
"cells":[
[
13,
8
],
[
13,
9
],
[
13,
10
],
[
13,
11
],
[
13,
12
],
[
14,
12
],
[
15,
12
],
[
16,
12
]
],
"dir":"R",
"order":11
},
{
"id":9,
"points":[
[
19,
10
],
[
19,
8
],
[
16,
8
],
[
16,
11
],
[
18,
11
],
[
18,
15
]
],
"cells":[
[
19,
10
],
[
19,
9
],
[
19,
8
],
[
18,
8
],
[
17,
8
],
[
16,
8
],
[
16,
9
],
[
16,
10
],
[
16,
11
],
[
17,
11
],
[
18,
11
],
[
18,
12
],
[
18,
13
],
[
18,
14
],
[
18,
15
]
],
"dir":"D",
"order":10
},
{
"id":10,
"points":[
[
5,
11
],
[
5,
8
],
[
1,
8
]
],
"cells":[
[
5,
11
],
[
5,
10
],
[
5,
9
],
[
5,
8
],
[
4,
8
],
[
3,
8
],
[
2,
8
],
[
1,
8
]
],
"dir":"L",
"order":1
},
{
"id":11,
"points":[
[
13,
17
],
[
15,
17
],
[
15,
13
],
[
12,
13
]
],
"cells":[
[
13,
17
],
[
14,
17
],
[
15,
17
],
[
15,
16
],
[
15,
15
],
[
15,
14
],
[
15,
13
],
[
14,
13
],
[
13,
13
],
[
12,
13
]
],
"dir":"L",
"order":21
},
{
"id":12,
"points":[
[
14,
7
],
[
19,
7
],
[
19,
2
]
],
"cells":[
[
14,
7
],
[
15,
7
],
[
16,
7
],
[
17,
7
],
[
18,
7
],
[
19,
7
],
[
19,
6
],
[
19,
5
],
[
19,
4
],
[
19,
3
],
[
19,
2
]
],
"dir":"U",
"order":3
},
{
"id":13,
"points":[
[
7,
3
],
[
7,
6
],
[
4,
6
]
],
"cells":[
[
7,
3
],
[
7,
4
],
[
7,
5
],
[
7,
6
],
[
6,
6
],
[
5,
6
],
[
4,
6
]
],
"dir":"L",
"order":15
},
{
"id":14,
"points":[
[
4,
0
],
[
1,
0
],
[
1,
2
]
],
"cells":[
[
4,
0
],
[
3,
0
],
[
2,
0
],
[
1,
0
],
[
1,
1
],
[
1,
2
]
],
"dir":"D",
"order":16
},
{
"id":15,
"points":[
[
15,
5
],
[
15,
1
],
[
19,
1
]
],
"cells":[
[
15,
5
],
[
15,
4
],
[
15,
3
],
[
15,
2
],
[
15,
1
],
[
16,
1
],
[
17,
1
],
[
18,
1
],
[
19,
1
]
],
"dir":"R",
"order":2
},
{
"id":16,
"points":[
[
7,
15
],
[
9,
15
],
[
9,
17
]
],
"cells":[
[
7,
15
],
[
8,
15
],
[
9,
15
],
[
9,
16
],
[
9,
17
]
],
"dir":"D",
"order":12
},
{
"id":17,
"points":[
[
4,
17
],
[
2,
17
],
[
2,
19
]
],
"cells":[
[
4,
17
],
[
3,
17
],
[
2,
17
],
[
2,
18
],
[
2,
19
]
],
"dir":"D",
"order":5
},
{
"id":18,
"points":[
[
8,
13
],
[
6,
13
],
[
6,
10
]
],
"cells":[
[
8,
13
],
[
7,
13
],
[
6,
13
],
[
6,
12
],
[
6,
11
],
[
6,
10
]
],
"dir":"U",
"order":20
},
{
"id":19,
"points":[
[
2,
16
],
[
0,
16
],
[
0,
19
]
],
"cells":[
[
2,
16
],
[
1,
16
],
[
0,
16
],
[
0,
17
],
[
0,
18
],
[
0,
19
]
],
"dir":"D",
"order":6
},
{
"id":20,
"points":[
[
14,
14
],
[
10,
14
],
[
10,
18
]
],
"cells":[
[
14,
14
],
[
13,
14
],
[
12,
14
],
[
11,
14
],
[
10,
14
],
[
10,
15
],
[
10,
16