
],
[
10,
17
],
[
10,
18
]
],
"dir":"D",
"order":13
},
{
"id":21,
"points":[
[
3,
7
],
[
0,
7
],
[
0,
5
]
],
"cells":[
[
3,
7
],
[
2,
7
],
[
1,
7
],
[
0,
7
],
[
0,
6
],
[
0,
5
]
],
"dir":"U",
"order":14
},
{
"id":22,
"points":[
[
8,
5
],
[
8,
2
],
[
6,
2
]
],
"cells":[
[
8,
5
],
[
8,
4
],
[
8,
3
],
[
8,
2
],
[
7,
2
],
[
6,
2
]
],
"dir":"L",
"order":19
},
{
"id":23,
"points":[
[
6,
14
],
[
6,
18
],
[
8,
18
]
],
"cells":[
[
6,
14
],
[
6,
15
],
[
6,
16
],
[
6,
17
],
[
6,
18
],
[
7,
18
],
[
8,
18
]
],
"dir":"R",
"order":23
}
],
"solution":[
0,
10,
15,
12,
3,
17,
19,
5,
6,
2,
9,
8,
16,
20,
21,
13,
14,
1,
4,
22,
18,
11,
7,
23
],
"initial":[
0,
10,
15,
17,
19,
21
]
},
{
"key":"turtle",
"name":"玄武",
"asset":"turtle",
"layout":{
"x":488,
"y":825,
"w":408,
"h":458
},
"gridW":20,
"gridH":20,
"pieces":[
{
"id":0,
"points":[
[
14,
0
],
[
19,
0
],
[
19,
5
],
[
16,
5
],
[
16,
7
]
],
"cells":[
[
14,
0
],
[
15,
0
],
[
16,
0
],
[
17,
0
],
[
18,
0
],
[
19,
0
],
[
19,
1
],
[
19,
2
],
[
19,
3
],
[
19,
4
],
[
19,
5
],
[
18,
5
],
[
17,
5
],
[
16,
5
],
[
16,
6
],
[
16,
7
]
],
"dir":"D",
"order":5
},
{
"id":1,
"points":[
[
8,
3
],
[
8,
1
],
[
3,
1
]
],
"cells":[
[
8,
3
],
[
8,
2
],
[
8,
1
],
[
7,
1
],
[
6,
1
],
[
5,
1
],
[
4,
1
],
[
3,
1
]
],
"dir":"L",
"order":16
},
{
"id":2,
"points":[
[
15,
14
],
[
15,
19
],
[
19,
19
]
],
"cells":[
[
15,
14
],
[
15,
15
],
[
15,
16
],
[
15,
17
],
[
15,
18
],
[
15,
19
],
[
16,
19
],
[
17,
19
],
[
18,
19
],
[
19,
19
]
],
"dir":"R",
"order":0
},
{
"id":3,
"points":[
[
2,
4
],
[
2,
8
],
[
4,
8
],
[
4,
6
]
],
"cells":[
[
2,
4
],
[
2,
5
],
[
2,
6
],
[
2,
7
],
[
2,
8
],
[
3,
8
],
[
4,
8
],
[
4,
7
],
[
4,
6
]
],
"dir":"U",
"order":17
},
{
"id":4,
"points":[
[
7,
15
],
[
4,
15
],
[
4,
19
],
[
2,
19
]
],
"cells":[
[
7,
15
],
[
6,
15
],
[
5,
15
],
[
4,
15
],
[
4,
16
],
[
4,
17
],
[
4,
18
],
[
4,
19
],
[
3,
19
],
[
2,
19
]
],
"dir":"L",
"order":1
},
{
"id":5,
"points":[
[
12,
3
],
[
12,
5
],
[
14,
5
],
[
14,
1
]
],
"cells":[
[
12,
3
],
[
12,
4
],
[
12,
5
],
[
13,
5
],
[
14,
5
],
[
14,
4
],
[
14,
3
],
[
14,
2
],
[
14,
1
]
],
"dir":"U",
"order":6
},
{
"id":6,
"points":[
[
4,
10
],
[
6,
10
],
[
6,
13
],
[
3,
13
]
],
"cells":[
[
4,
10
],
[
5,
10
],
[
6,
10
],
[
6,
11
],
[
6,
12
],
[
6,
13
],
[
5,
13
],
[
4,
13
],
[
3,
13
]
],
"dir":"L",
"order":2
},
{
"id":7,
"points":[
[
18,
13
],
[
18,
10
],
[
16,
10
],
[
16,
8
],
[
19,
8
]
],
"cells":[
[
18,
13
],
[
18,
12
],
[
18,
11
],
[
18,
10
],
[
17,
10
],
[
16,
10
],
[
16,
9
],
[
16,
8
],
[
17,
8
],
[
18,
8
],
[
19,
8
]
],
"dir":"R",
"order":3
},
{
"id":8,
"points":[
[
10,
4
],
[
10,
1
],
[
12,
1
]
],
"cells":[
[
10,
4
],
[
10,
3
],
[
10,
2
],
[
10,
1
],
[
11,
1
],
[
12,
1
]
],
"dir":"R",
"order":7
},
{
"id":9,
"points":[
[
16,
15
],
[
18,
15
],
[
18,
17
]
],
"cells":[
[
16,
15
],
[
17,
15
],
[
18,
15
],
[
18,
16
],
[
18,
17
]
],
"dir":"D",
"order":4
},
{
"id":10,
"points":[
[
9,
18
],
[
9,
14
],
[
7,
14
]
],
"cells":[
[
9,
18
],
[
9,
17
],
[
9,
16
],
[
9,
15
],
[
9,
14
],
[
8,
14
],
[
7,
14
]
],
"dir":"L",
"order":8
},
{
"id":11,
"points":[
[
3,
12
],
[
0,
12
],
[
0,
8
]
],
"cells":[
[
3,
12
],
[
2,
12
],
[
1,
12
],
[
0,
12
],
[
0,
11
],
[
0,
10
],
[
0,
9
],
[
0,
8
]
],
"dir":"U",
"order":9
},
{
"id":12,
"points":[
[
13,
9
],
[
15,
9
],
[
15,
13
]
],
"cells":[
[
13,
9
],
[
14,
9
],
[
15,
9
],
[
15,
10
],
[
15,
11
],
[
15,
12
],
[
15,
13
]
],
"dir":"D",
"order":10
},
{
"id":13,
"points":[
[
11,
13
],
[
11,
16
],
[
14,
16
],
[
14,
11
]
],
"cells":[
[
11,
13
],
[
11,
14
],
[
11,
15
],
[
11,
16
],
[
12,
16
],
[
13,
16
],
[
14,
16
],
[
14,
15
],
[
14,
14
],
[
14,
13
],
[
14,
12
],
[
14,
11
]
],
"dir":"U",
"order":11
},
{
"id":14,
"points":[
[
5,
8
],
[
5,
3
],
[
2,
3
],
[
2,
1
]
],
"cells":[
[
5,
8
],
[
5,
7
],
[
5,
6
],
[
5,
5
],
[
5,
4
],
[
5,
3
],
[
4,
3
],
[
3,
3
],
[
2,
3
],
[
2,
2
],
[
2,
1
]
],
"dir":"U",
"order":15
},
{
"id":15,
"points":[
[
0,
15
],
[
2,
15
],
[
2,
18
]
],
"cells":[
[
0,
15
],
[
1,
15
],
[
2,
15
],
[
2,
16
],
[
2,
17
],
[
2,
18
]
],
"dir":"D",
"order":12
},
{
"id":16,